143 143 143 143 143 143 143 143 143 143 143 143 143 143 143 143 143 143 143 143 143 143 143 143 143 143 143 143 143 143 143 143 143 143 143 143 143 143 143 143 143 143 143 143 143 143 143 143 143 143
143 143 143 143 143 143 143 143 143 143 143 143 143 143 143 143 143 143 143 143 143 143 143 143 143 143 143 143 143 143 143 143 143 143 143 143 143 143 143 143 143 143 143 143 143 143 143 143 143 143
143 143 143 143 143 143 143 143 143 143 143 143 143 143 143 143 143 143 143 143 143 143 143 143 143 143 143 143 143 143 143 143 143 143 143 143 143 143 143 143 143 143 143 143 143 143 143 143 143 143
143 143 143 143 143 143 143 143 143 143 143 143 143 143 143 143 143 143 143 143 143 143 143 143 143 143 143 143 143 143 143 143 143 143 143 143 143 143 143 143 143 143 143 143 143 143 143 143 143 143
143 143 143 143 143 143 143 143 143 143 143 143 143 143 143 143 143 143 143 143 143 143 143 143 143 143 143 143 143 143 143 143 143 143 143 143 143 143 143 143 143 143 143 143 143 143 143 143 143 143
143 143 143 143 143 143 143 143 143 143 143 143 143 143 143 143 143 143 143 143 143 143 143 143 143 143 143 143 143 143 143 143 143 143 143 143 143 143 143 143 143 143 143 143 143 143 143 143 143 143
143 143 143 143 143 143 143 143 143 143 143 143 143 143 143 143 143 143 143 143 143 143 143 143 143 143 143 143 143 143 143 143 143 143 143 143 143 143 143 143 143 143 143 143 143 143 143 143 143 143
143 143 143 143 143 143 143 143 143 143 143 143 143 143 143 143 143 143 143 143 143 143 143 143 143 143 143 143 143 143 143 143 143 143 143 143 143 143 143 143 143 143 143 143 143 143 143 143 143 143
143 143 143 143 143 143 143 143 143 143 143 143 143 143 143 143 143 143 143 143 143 143 143 143 143 143 143 143 143 143 143 143 143 143 143 143 143 143 143 143 143 143 143 143 143 143 143 143 143 143
143 143 143 143 143 143 143 143 143 143 143 143 143 143 143 143 143 143 143 143 143 143 143 143 143 143 143 143 143 143 143 143 143 143 143 143 143 143 143 143 143 143 143 143 143 143 143 143 143 143
143 143 143 143 143 143 143 143 143 143 143 143 143 143 143 143 143 143 143 143 143 143 143 143 143 143 143 143 143 143 143 143 143 143 143 143 143 143 143 143 143 143 143 143 143 143 143 143 143 143
143 143 143 143 143 143 143 143 143 143 143 143 143 143 143 143 143 143 143 143 143 143 143 143 143 143 143 143 143 143 143 143 143 143 143 143 143 143 143 143 143 143 143 143 143 143 143 143 143 143
143 143 143 143 143 143 143 143 143 143 143 143 143 143 143 143 143 143 143 143 143 143 143 143 143 143 143 143 143 143 143 143 143 143 143 143 143 143 143 143 143 143 143 143 143 143 143 143 143 143
143 143 143 143 143 143 143 143 143 143 143 143 143 143 143 143 143 143 143 143 143 143 143 143 143 143 143 143 143 143 143 143 143 143 143 143 143 143 143 143 143 143 143 143 143 143 143 143 143 143
143 143 143 143 143 143 143 143 143 143 143 143 143 143 143 143 143 143 143 143 143 143 143 143 143 143 143 143 143 143 143 143 143 143 143 143 143 143 143 143 143 143 143 143 143 143 143 143 143 143
143 143 143 143 143 143 143 143 143 143 143 143 143 143 143 143 143 143 143 143 143 143 143 143 143 143 143 143 143 143 143 143 143 143 143 143 143 143 143 143 143 143 143 143 143 143 143 143 143 143
143 143 143 143 143 143 143 143 143 143 143 143 143 143 143 143 143 143 143 143 143 152 155 158 146 149 161 164 167 143 143 143 143 143 143 143 143 143 143 143 143 143 143 143 143 143 143 143 143 143
143 143 143 143 143 143 143 143 143 143 143 143 143 143 143 143 143 143 143 143 143 153 145 159 147 150 162 144 168 143 143 143 143 143 143 143 143 143 143 143 143 143 143 143 143 143 143 143 143 143
143 143 143 143 143 143 143 143 143 143 143 143 143 143 143 143 143 143 143 143 143 154 157 160 148 151 163 166 169 143 143 143 143 143 143 143 143 143 143 143 143 143 143 143 143 143 143 143 143 143
143 143 143 143 143 143 143 143 143 143 143 143 143 143 143 143 143 143 143 143 143 170 173 173 173 173 173 173 176 143 143 143 143 143 143 143 143 143 143 143 143 143 143 143 143 143 143 143 143 143
143 143 143 143 143 143 143 143 143 143 143 143 143 143 143 143 143 143 143 143 143 171 174 174 174 174 174 174 177 143 143 143 143 143 143 143 143 143 143 143 143 143 143 143 143 143 143 143 143 143
143 143 143 143 143 143 143 143 143 143 143 143 143 143 143 143 143 143 143 143 143 171 174 174 174 174 174 174 177 143 143 143 143 143 143 143 143 143 143 143 143 143 143 143 143 143 143 143 143 143
143 143 143 143 143 143 143 143 143 143 143 143 143 143 143 143 143 143 143 143 143 179 180 179 180 179 180 179 180 143 143 143 143 143 143 143 143 143 143 143 143 143 143 143 143 143 143 143 143 143
143 143 143 143 143 143 143 143 143 143 143 143 143 143 143 143 143 143 143 143 143 171 174 174 174 174 174 174 177 143 143 143 143 143 143 143 143 143 143 143 143 143 143 143 143 143 143 143 143 143
143 143 143 143 143 143 143 143 143 143 143 143 143 143 143 143 143 143 143 143 143 171 174 174 174 174 174 174 177 143 143 143 143 143 143 143 143 143 143 143 143 143 143 143 143 143 143 143 143 143
143 143 143 143 143 143 143 143 143 143 143 143 143 143 143 143 143 143 143 143 143 171 174 174 174 174 174 174 177 143 143 143 143 143 143 143 143 143 143 143 143 143 143 143 143 143 143 143 143 143
143 143 143 143 143 143 143 143 143 143 143 143 143 143 143 143 143 143 143 143 143 171 174 174 174 174 174 174 177 143 143 143 143 143 143 143 143 143 143 143 143 143 143 143 143 143 143 143 143 143
143 143 143 143 143 143 143 143 143 143 143 143 143 143 143 143 143 143 143 143 143 171 174 174 174 174 174 174 177 143 143 143 143 143 143 143 143 143 143 143 143 143 143 143 143 143 143 143 143 143
143 143 143 143 143 143 143 143 143 143 143 143 143 143 143 143 143 143 143 143 143 171 174 174 174 174 174 174 177 143 143 143 143 143 143 143 143 143 143 143 143 143 143 143 143 143 143 143 143 143
143 143 143 143 143 143 143 143 143 143 143 143 143 143 143 143 143 143 143 143 143 171 174 174 174 174 174 174 177 143 143 143 143 143 143 143 143 143 143 143 143 143 143 143 143 143 143 143 143 143
143 143 143 143 143 143 143 143 143 143 143 143 143 143 143 143 143 143 143 143 143 171 174 174 174 174 174 174 177 143 143 143 143 143 143 143 143 143 143 143 143 143 143 143 143 143 143 143 143 143
143 143 143 143 143 143 143 143 143 143 143 143 143 143 143 143 143 143 143 143 143 172 175 175 175 175 174 174 178 143 143 143 143 143 143 143 143 143 143 143 143 143 143 143 143 143 143 143 143 143
143 143 143 143 143 143 143 143 143 143 143 143 143 143 143 143 143 143 143 143 143 143 143 143 143 143 171 177 143 143 143 143 143 143 143 143 143 143 143 143 143 143 143 143 143 143 143 143 143 143
143 143 143 143 143 143 143 143 143 143 143 143 143 143 143 143 143 143 143 143 143 143 143 143 143 143 172 178 143 143 143 143 143 143 143 143 143 143 143 143 143 143 143 143 143 143 143 143 143 143
143 143 143 143 143 143 143 143 143 143 143 143 143 143 143 143 143 143 143 143 143 143 143 143 143 143 143 143 143 143 143 143 143 143 143 143 143 143 143 143 143 143 143 143 143 143 143 143 143 143
143 143 143 143 143 143 143 143 143 143 143 143 143 143 143 143 143 143 143 143 143 143 143 143 143 143 143 143 143 143 143 143 143 143 143 143 143 143 143 143 143 143 143 143 143 143 143 143 143 143
143 143 143 143 143 143 143 143 143 143 143 143 143 143 143 143 143 143 143 143 143 143 143 143 143 143 143 143 143 143 143 143 143 143 143 143 143 143 143 143 143 143 143 143 143 143 143 143 143 143
143 143 143 143 143 143 143 143 143 143 143 143 143 143 143 143 143 143 143 143 143 143 143 143 143 143 143 143 143 143 143 143 143 143 143 143 143 143 143 143 143 143 143 143 143 143 143 143 143 143
143 143 143 143 143 143 143 143 143 143 143 143 143 143 143 143 143 143 143 143 143 143 143 143 143 143 143 143 143 143 143 143 143 143 143 143 143 143 143 143 143 143 143 143 143 143 143 143 143 143
143 143 143 143 143 143 143 143 143 143 143 143 143 143 143 143 143 143 143 143 143 143 143 143 143 143 143 143 143 143 143 143 143 143 143 143 143 143 143 143 143 143 143 143 143 143 143 143 143 143
143 143 143 143 143 143 143 143 143 143 143 143 143 143 143 143 143 143 143 143 143 143 143 143 143 143 143 143 143 143 143 143 143 143 143 143 143 143 143 143 143 143 143 143 143 143 143 143 143 143
143 143 143 143 143 143 143 143 143 143 143 143 143 143 143 143 143 143 143 143 143 143 143 143 143 143 143 143 143 143 143 143 143 143 143 143 143 143 143 143 143 143 143 143 143 143 143 143 143 143
143 143 143 143 143 143 143 143 143 143 143 143 143 143 143 143 143 143 143 143 143 143 143 143 143 143 143 143 143 143 143 143 143 143 143 143 143 143 143 143 143 143 143 143 143 143 143 143 143 143
143 143 143 143 143 143 143 143 143 143 143 143 143 143 143 143 143 143 143 143 143 143 143 143 143 143 143 143 143 143 143 143 143 143 143 143 143 143 143 143 143 143 143 143 143 143 143 143 143 143
143 143 143 143 143 143 143 143 143 143 143 143 143 143 143 143 143 143 143 143 143 143 143 143 143 143 143 143 143 143 143 143 143 143 143 143 143 143 143 143 143 143 143 143 143 143 143 143 143 143
143 143 143 143 143 143 143 143 143 143 143 143 143 143 143 143 143 143 143 143 143 143 143 143 143 143 143 143 143 143 143 143 143 143 143 143 143 143 143 143 143 143 143 143 143 143 143 143 143 143
143 143 143 143 143 143 143 143 143 143 143 143 143 143 143 143 143 143 143 143 143 143 143 143 143 143 143 143 143 143 143 143 143 143 143 143 143 143 143 143 143 143 143 143 143 143 143 143 143 143
143 143 143 143 143 143 143 143 143 143 143 143 143 143 143 143 143 143 143 143 143 143 143 143 143 143 143 143 143 143 143 143 143 143 143 143 143 143 143 143 143 143 143 143 143 143 143 143 143 143
143 143 143 143 143 143 143 143 143 143 143 143 143 143 143 143 143 143 143 143 143 143 143 143 143 143 143 143 143 143 143 143 143 143 143 143 143 143 143 143 143 143 143 143 143 143 143 143 143 143
143 143 143 143 143 143 143 143 143 143 143 143 143 143 143 143 143 143 143 143 143 143 143 143 143 143 143 143 143 143 143 143 143 143 143 143 143 143 143 143 143 143 143 143 143 143 143 143 143 143